version: 0; layer: 0; frequency: 0; padding: 0
   0,   34,   69,  104,  139,  174,  208,  243,  278,  313,  348,  383,  417,  452,  487, 
version: 0; layer: 0; frequency: 0; padding: 4
   4,   38,   73,  108,  143,  178,  212,  247,  282,  317,  352,  387,  421,  456,  491, 

version: 0; layer: 0; frequency: 1; padding: 0
   0,   32,   64,   96,  128,  160,  192,  224,  256,  288,  320,  352,  384,  416,  448, 
version: 0; layer: 0; frequency: 1; padding: 4
   4,   36,   68,  100,  132,  164,  196,  228,  260,  292,  324,  356,  388,  420,  452, 

version: 0; layer: 0; frequency: 2; padding: 0
   0,   48,   96,  144,  192,  240,  288,  336,  384,  432,  480,  528,  576,  624,  672, 
version: 0; layer: 0; frequency: 2; padding: 4
   4,   52,  100,  148,  196,  244,  292,  340,  388,  436,  484,  532,  580,  628,  676, 


version: 0; layer: 1; frequency: 0; padding: 0
   0,   52,   78,   91,  104,  130,  156,  182,  208,  261,  313,  365,  417,  522,  626, 
version: 0; layer: 1; frequency: 0; padding: 1
   1,   53,   79,   92,  105,  131,  157,  183,  209,  262,  314,  366,  418,  523,  627, 

version: 0; layer: 1; frequency: 1; padding: 0
   0,   48,   72,   84,   96,  120,  144,  168,  192,  240,  288,  336,  384,  480,  576, 
version: 0; layer: 1; frequency: 1; padding: 1
   1,   49,   73,   85,   97,  121,  145,  169,  193,  241,  289,  337,  385,  481,  577, 

version: 0; layer: 1; frequency: 2; padding: 0
   0,   72,  108,  126,  144,  180,  216,  252,  288,  360,  432,  504,  576,  720,  864, 
version: 0; layer: 1; frequency: 2; padding: 1
   1,   73,  109,  127,  145,  181,  217,  253,  289,  361,  433,  505,  577,  721,  865, 


version: 0; layer: 2; frequency: 0; padding: 0
   0,  104,  130,  156,  182,  208,  261,  313,  365,  417,  522,  626,  731,  835, 1044, 
version: 0; layer: 2; frequency: 0; padding: 1
   1,  105,  131,  157,  183,  209,  262,  314,  366,  418,  523,  627,  732,  836, 1045, 

version: 0; layer: 2; frequency: 1; padding: 0
   0,   96,  120,  144,  168,  192,  240,  288,  336,  384,  480,  576,  672,  768,  960, 
version: 0; layer: 2; frequency: 1; padding: 1
   1,   97,  121,  145,  169,  193,  241,  289,  337,  385,  481,  577,  673,  769,  961, 

version: 0; layer: 2; frequency: 2; padding: 0
   0,  144,  180,  216,  252,  288,  360,  432,  504,  576,  720,  864, 1008, 1152, 1440, 
version: 0; layer: 2; frequency: 2; padding: 1
   1,  145,  181,  217,  253,  289,  361,  433,  505,  577,  721,  865, 1009, 1153, 1441, 


version: 1; layer: 0; frequency: 0; padding: 0
   0,   69,  139,  208,  278,  348,  417,  487,  557,  626,  696,  766,  835,  905,  975, 
version: 1; layer: 0; frequency: 0; padding: 4
   4,   73,  143,  212,  282,  352,  421,  491,  561,  630,  700,  770,  839,  909,  979, 

version: 1; layer: 0; frequency: 1; padding: 0
   0,   64,  128,  192,  256,  320,  384,  448,  512,  576,  640,  704,  768,  832,  896, 
version: 1; layer: 0; frequency: 1; padding: 4
   4,   68,  132,  196,  260,  324,  388,  452,  516,  580,  644,  708,  772,  836,  900, 

version: 1; layer: 0; frequency: 2; padding: 0
   0,   96,  192,  288,  384,  480,  576,  672,  768,  864,  960, 1056, 1152, 1248, 1344, 
version: 1; layer: 0; frequency: 2; padding: 4
   4,  100,  196,  292,  388,  484,  580,  676,  772,  868,  964, 1060, 1156, 1252, 1348, 


version: 1; layer: 1; frequency: 0; padding: 0
   0,  104,  156,  182,  208,  261,  313,  365,  417,  522,  626,  731,  835, 1044, 1253, 
version: 1; layer: 1; frequency: 0; padding: 1
   1,  105,  157,  183,  209,  262,  314,  366,  418,  523,  627,  732,  836, 1045, 1254, 

version: 1; layer: 1; frequency: 1; padding: 0
   0,   96,  144,  168,  192,  240,  288,  336,  384,  480,  576,  672,  768,  960, 1152, 
version: 1; layer: 1; frequency: 1; padding: 1
   1,   97,  145,  169,  193,  241,  289,  337,  385,  481,  577,  673,  769,  961, 1153, 

version: 1; layer: 1; frequency: 2; padding: 0
   0,  144,  216,  252,  288,  360,  432,  504,  576,  720,  864, 1008, 1152, 1440, 1728, 
version: 1; layer: 1; frequency: 2; padding: 1
   1,  145,  217,  253,  289,  361,  433,  505,  577,  721,  865, 1009, 1153, 1441, 1729, 


version: 1; layer: 2; frequency: 0; padding: 0
   0,  104,  130,  156,  182,  208,  261,  313,  365,  417,  522,  626,  731,  835, 1044, 
version: 1; layer: 2; frequency: 0; padding: 1
   1,  105,  131,  157,  183,  209,  262,  314,  366,  418,  523,  627,  732,  836, 1045, 

version: 1; layer: 2; frequency: 1; padding: 0
   0,   96,  120,  144,  168,  192,  240,  288,  336,  384,  480,  576,  672,  768,  960, 
version: 1; layer: 2; frequency: 1; padding: 1
   1,   97,  121,  145,  169,  193,  241,  289,  337,  385,  481,  577,  673,  769,  961, 

version: 1; layer: 2; frequency: 2; padding: 0
   0,  144,  180,  216,  252,  288,  360,  432,  504,  576,  720,  864, 1008, 1152, 1440, 
version: 1; layer: 2; frequency: 2; padding: 1
   1,  145,  181,  217,  253,  289,  361,  433,  505,  577,  721,  865, 1009, 1153, 1441, 


version: 2; layer: 0; frequency: 0; padding: 0
   0,  139,  208,  243,  278,  348,  417,  487,  557,  626,  696,  766,  835,  975, 1114, 
version: 2; layer: 0; frequency: 0; padding: 4
   4,  143,  212,  247,  282,  352,  421,  491,  561,  630,  700,  770,  839,  979, 1118, 

version: 2; layer: 0; frequency: 1; padding: 0
   0,  128,  192,  224,  256,  320,  384,  448,  512,  576,  640,  704,  768,  896, 1024, 
version: 2; layer: 0; frequency: 1; padding: 4
   4,  132,  196,  228,  260,  324,  388,  452,  516,  580,  644,  708,  772,  900, 1028, 

version: 2; layer: 0; frequency: 2; padding: 0
   0,  192,  288,  336,  384,  480,  576,  672,  768,  864,  960, 1056, 1152, 1344, 1536, 
version: 2; layer: 0; frequency: 2; padding: 4
   4,  196,  292,  340,  388,  484,  580,  676,  772,  868,  964, 1060, 1156, 1348, 1540, 


version: 2; layer: 1; frequency: 0; padding: 0
   0,   52,  104,  156,  208,  261,  313,  365,  417,  522,  626,  731,  835,  940, 1044, 
version: 2; layer: 1; frequency: 0; padding: 1
   1,   53,  105,  157,  209,  262,  314,  366,  418,  523,  627,  732,  836,  941, 1045, 

version: 2; layer: 1; frequency: 1; padding: 0
   0,   48,   96,  144,  192,  240,  288,  336,  384,  480,  576,  672,  768,  864,  960, 
version: 2; layer: 1; frequency: 1; padding: 1
   1,   49,   97,  145,  193,  241,  289,  337,  385,  481,  577,  673,  769,  865,  961, 

version: 2; layer: 1; frequency: 2; padding: 0
   0,   72,  144,  216,  288,  360,  432,  504,  576,  720,  864, 1008, 1152, 1296, 1440, 
version: 2; layer: 1; frequency: 2; padding: 1
   1,   73,  145,  217,  289,  361,  433,  505,  577,  721,  865, 1009, 1153, 1297, 1441, 


version: 2; layer: 2; frequency: 0; padding: 0
   0,   52,  104,  156,  208,  261,  313,  365,  417,  522,  626,  731,  835,  940, 1044, 
version: 2; layer: 2; frequency: 0; padding: 1
   1,   53,  105,  157,  209,  262,  314,  366,  418,  523,  627,  732,  836,  941, 1045, 

version: 2; layer: 2; frequency: 1; padding: 0
   0,   48,   96,  144,  192,  240,  288,  336,  384,  480,  576,  672,  768,  864,  960, 
version: 2; layer: 2; frequency: 1; padding: 1
   1,   49,   97,  145,  193,  241,  289,  337,  385,  481,  577,  673,  769,  865,  961, 

version: 2; layer: 2; frequency: 2; padding: 0
   0,   72,  144,  216,  288,  360,  432,  504,  576,  720,  864, 1008, 1152, 1296, 1440, 
version: 2; layer: 2; frequency: 2; padding: 1
   1,   73,  145,  217,  289,  361,  433,  505,  577,  721,  865, 1009, 1153, 1297, 1441, 


